10 20 30 40 50 60 70 80 90 100 110 120 130 140 150 160 170 180 190 200
blue red orange 67.5 88.8 44.9 yellow green purple 90.8 12.4 55.4 8 11 42 112 151 184 7 72
magenta 59 32.9 43 99.3 92 7.8 37 92.9 45.6 884. Black white turquoise 76 349 28.9 49.2 129 115
pink 82.8 43 38 38 928 59 382 92 85 9 32 85 5.5 6.6 7.7 7.3 lavender puce brown
39 57 3 11 85 75 83 49 28 4 9.5 99 420 202 407 502 606 Maroon Charcoal Aquamarine
Coral Fuchsia lime crimson hot pink 767 489 388 579 13 193 92 383 323 898 909 780 123 456
Olive cyan 676 439 29 834 275 292 384 939 573 156 385 858 832 929 57 85 93 8
87 37 59 26 92 baseball basketball track hockey 78 73 29 56 93 61 78 56 2 29 10
84 swimming 75 volleyball 90 92 59 38 19 537 39 748 1 839 394 389 839 46 70 93
101 526 97 281 823 715 380 629 74 415 61482 56 439 533 441 694 666 397 444 763
44 151 810 885 338 329 585 480 341 326 83 472 740 784 293 768 230 537 836 93
317 311 10 797 352 681 222 667 218 632 203 220 255 586 426 94 767 493 496 511
141 783 313 30 213 254 618 617 139 453 233 606 554 134 45 529 183 841 98 368
532 408 344 631 883 446 325 507 592 497 714 360 848 143 535 726 646 649 605 589
518 866 811 181 245 808 734 106 389 48 624 438 320 656 723 638 35 557 71 239
16 178 73 669 889 641 806 840 377 642 731 364 545 705 238 373 119 214 399  677
678 371 651 672 278 394 51 runner hitter fielder receiver 65.4 quarterback lineman end tackle 763 9.9 3.6 7.4
runningback corner safety backer sam will mike hornet free 84 29 87 56 10 97 5.3 4.5 8.6 8.8 3.6
286 tackle guard center nose spiral hook curl slant go slugo out 6.3 route wheel screen bubble comeback 8.4 9.2
corner drag carry dig hole touchdown offense defense playbook play homerun out strike 3.4 55.6 883 273 95 392 2